%YAML:1.0
---
calibration_time: "Thu Jul 12 10:50:30 2018"
nr_of_frames: 25
image_width: 1024
image_height: 768
board_width: 6
board_height: 5
square_size: 120.
fix_aspect_ratio: 1.
# flags: +fix_aspectRatio +fix_principal_point +zero_tangent_dist +fix_k4 +fix_k5
flags: 6158
fisheye_model: 0
camera_matrix: !!opencv-matrix
   rows: 3
   cols: 3
   dt: d
   data: [ 1.1856046292817855e+03, 0., 512., 0., 1.1856046292817855e+03,
       384., 0., 0., 1. ]
distortion_coefficients: !!opencv-matrix
   rows: 5
   cols: 1
   dt: d
   data: [ 9.8465694644421486e-01, -1.3570737053482587e+01, 0., 0.,
       7.0906221168138174e+01 ]
avg_reprojection_error: 4.6326555818799381e-01
per_view_reprojection_errors: !!opencv-matrix
   rows: 25
   cols: 1
   dt: f
   data: [ 4.59176421e-01, 4.57399309e-01, 4.55675840e-01,
       4.26216245e-01, 4.03055310e-01, 4.48870867e-01, 4.69809681e-01,
       4.53920901e-01, 4.94490564e-01, 4.99276370e-01, 4.61251527e-01,
       5.17219663e-01, 4.49842900e-01, 4.55750346e-01, 4.68084335e-01,
       4.52245176e-01, 4.63863313e-01, 4.47960377e-01, 4.70920414e-01,
       4.41266805e-01, 4.65300620e-01, 4.95226175e-01, 5.24314225e-01,
       4.50797468e-01, 4.30525899e-01 ]
# a set of 6-tuples (rotation vector + translation vector) for each view
extrinsic_parameters: !!opencv-matrix
   rows: 25
   cols: 6
   dt: d
   data: [ -9.7196533309390806e-02, -4.5477549484944819e-02,
       -3.4641099077676145e-02, -4.2133152186224930e+02,
       -2.2743479357087375e+02, 1.6407535416943379e+03,
       -9.5973245433874962e-02, -4.5198700990595579e-02,
       -3.3948467017866052e-02, -4.2086332217455021e+02,
       -2.2768723368222996e+02, 1.6403301963706297e+03,
       -9.7354504448520549e-02, -4.4285428879855468e-02,
       -3.4910619909094068e-02, -4.2145026664152783e+02,
       -2.2705783992505741e+02, 1.6410714438359253e+03,
       -9.7646353608851877e-02, -4.4204722769895448e-02,
       -3.5089983115239559e-02, -4.2281033972838526e+02,
       -2.2770717465663196e+02, 1.6414800350339829e+03,
       -9.7111454442785530e-02, -4.5527269742654371e-02,
       -3.5223436342114785e-02, -4.2373007536998756e+02,
       -2.2887681524045826e+02, 1.6400221436763291e+03,
       -9.7548014982727069e-02, -4.4982910241940163e-02,
       -3.4950144172182521e-02, -4.2386254726622246e+02,
       -2.2895491933980409e+02, 1.6400070135095732e+03,
       -9.6033914234549170e-02, -4.5175583254523942e-02,
       -3.4425343593935835e-02, -4.2368801782825466e+02,
       -2.2894282210253598e+02, 1.6394198667899630e+03,
       -9.5441657267615179e-02, -4.7430058891115762e-02,
       -3.4217070495724290e-02, -4.2311031113883769e+02,
       -2.2907125782533888e+02, 1.6378522463136642e+03,
       -9.4346180814818312e-02, -4.6706310072284742e-02,
       -3.4001911564264818e-02, -4.2171480970828975e+02,
       -2.2852789928866449e+02, 1.6385992870337750e+03,
       -9.5927873447813602e-02, -4.7787187160485647e-02,
       -3.4071881296556979e-02, -4.1993629569884627e+02,
       -2.2884248956780192e+02, 1.6396944621518303e+03,
       -9.5421467030500001e-02, -4.4631903128315553e-02,
       -3.3738177534685394e-02, -4.1879205134873376e+02,
       -2.2962781784936516e+02, 1.6402809122634485e+03,
       -9.3467203961642181e-02, -4.4589154029693240e-02,
       -3.3399140087080441e-02, -4.1775880160504914e+02,
       -2.2913595592384112e+02, 1.6388658469860541e+03,
       -9.6127137724753398e-02, -4.4685207610050813e-02,
       -3.2612005715081216e-02, -4.1662219750415477e+02,
       -2.2891353494390086e+02, 1.6391059599279545e+03,
       -9.4494036795837524e-02, -4.5414210054336837e-02,
       -3.2299389887683105e-02, -4.1646698743564770e+02,
       -2.2927581770144823e+02, 1.6378278738805814e+03,
       -9.6652105396679108e-02, -4.6074799948778292e-02,
       -3.2219184635565161e-02, -4.1654667415717108e+02,
       -2.2922385938276310e+02, 1.6368509032641930e+03,
       -9.4837978257861291e-02, -4.6086928736539141e-02,
       -3.1399572383751205e-02, -4.1700007748637290e+02,
       -2.2981262865623867e+02, 1.6349845737134922e+03,
       -9.4443005916821518e-02, -4.6701167286176362e-02,
       -3.1349368917173992e-02, -4.1781083039869662e+02,
       -2.2996697281744446e+02, 1.6336667264176372e+03,
       -9.4186256569495322e-02, -4.6948281923201891e-02,
       -3.1957380252436697e-02, -4.1910824752425015e+02,
       -2.3027343265522640e+02, 1.6331997895726549e+03,
       -9.3136237655623455e-02, -4.8060252558529193e-02,
       -3.2975628894401990e-02, -4.2039090371649655e+02,
       -2.2979146182763995e+02, 1.6326719957025011e+03,
       -9.3452247563152915e-02, -4.6794261384909788e-02,
       -3.3101255412039295e-02, -4.2105554364181990e+02,
       -2.3034217487141666e+02, 1.6330228396727305e+03,
       -9.1478039893325716e-02, -4.7865569357813401e-02,
       -3.3496464694470179e-02, -4.2108764866802522e+02,
       -2.2996455787783552e+02, 1.6318018232904810e+03,
       -9.1961553380714739e-02, -4.5985087610146295e-02,
       -3.4832244292263115e-02, -4.2086598986716530e+02,
       -2.2869701393911444e+02, 1.6329220031338350e+03,
       -9.0627449562008452e-02, -4.5041829600698878e-02,
       -3.4545070115646878e-02, -4.2007748838560497e+02,
       -2.2784883865748657e+02, 1.6325158203239116e+03,
       -9.6841770872277411e-02, -4.4142902655227578e-02,
       -3.4501751841135297e-02, -4.2036925417365069e+02,
       -2.2770449699302904e+02, 1.6347064742116625e+03,
       -9.4159699577660322e-02, -4.7171106816202818e-02,
       -3.5055219013791827e-02, -4.2166170414376523e+02,
       -2.2855017559841772e+02, 1.6331254170713287e+03 ]
